0  0        0 9.0
  1   100000 9.0
  2   200000 6.0
  3   300000 9.0
  4   400000 12.0
  5   500000 17.0
  6   600000 13.0
  7   700000 12.0
  8   800000 25.0
  9   900000 18.0
 10  1000000 12.0
 11  1100000 15.0
 12  1200000 20.0
 13  1300000 20.0
 14  1400000 17.0
 15  1500000 23.0
 16  1600000 5.0
 17  1700000 15.0
 18  1800000 30.0
 19  1900000 26.0
 20  2000000 19.0
 21  2100000 18.0
 22  2200000 24.0
 23  2300000 13.0
 24  2400000 4.0
 25  2500000 9.0
 26  2600000 30.0
 27  2700000 22.0
 28  2800000 16.0
 29  2900000 2.0
 30  3000000 0.0
 31  3100000 0.0
 32  3200000 0.0
 33  3300000 5.0
 34  3400000 11.0
 35  3500000 7.0
 36  3600000 11.0
 37  3700000 22.0
 38  3800000 17.0
 39  3900000 4.0
 40  4000000 13.0
 41  4100000 8.0
 42  4200000 3.0
 43  4300000 10.0
 44  4400000 0.0
 45  4500000 5.0
 46  4600000 0.0
 47  4700000 1.0
 48  4800000 2.0
 49  4900000 0.0
 50  5000000 1.0
 51  5100000 3.0
 52  5200000 5.0
 53  5300000 13.0
 54  5400000 11.0
 55  5500000 10.0
 56  5600000 11.0
 57  5700000 6.0
 58  5800000 4.0
 59  5900000 2.0
 60  6000000 9.0
 61  6100000 6.0
 62  6200000 0.0
 63  6300000 0.0
 64  6400000 10.0
 65  6500000 4.0
 66  6600000 0.0
 67  6700000 1.0
 68  6800000 18.0
 69  6900000 0.0
 70  7000000 1.0
 71  7100000 9.0
 72  7200000 9.0
 73  7300000 6.0
 74  7400000 2.0
 75  7500000 5.0
 76  7600000 2.0
 77  7700000 0.0
 78  7800000 5.0
 79  7900000 17.0
 80  8000000 0.0
 81  8100000 0.0
 82  8200000 0.0
 83  8300000 2.0
 84  8400000 0.0
 85  8500000 2.0
 86  8600000 3.0
 87  8700000 3.0
 88  8800000 17.0
 89  8900000 6.0
 90  9000000 0.0
 91  9100000 2.0
 92  9200000 7.0
 93  9300000 4.0
 94  9400000 4.0
 95  9500000 3.0
 96  9600000 3.0
 97  9700000 0.0
 98  9800000 0.0
 99  9900000 5.0
100 10000000 21.0
101 10100000 0.0
102 10200000 4.0
103 10300000 2.0
104 10400000 6.0
105 10500000 4.0
106 10600000 4.0
107 10700000 0.0
108 10800000 9.0
109 10900000 17.0
110 11000000 9.0
111 11100000 17.0
112 11200000 12.0
113 11300000 8.0
114 11400000 2.0
115 11500000 6.0
116 11600000 10.0
117 11700000 10.0
118 11800000 19.0
119 11900000 9.0
120 12000000 19.0
121 12100000 5.0
122 12200000 7.0
123 12300000 20.0
124 12400000 21.0
125 12500000 0.0
126 12600000 9.0
127 12700000 12.0
128 12800000 13.0
129 12900000 21.0
130 13000000 8.0
131 13100000 5.0
132 13200000 22.0
133 13300000 5.0
134 13400000 9.0
135 13500000 6.0
136 13600000 8.0
137 13700000 8.0
138 13800000 0.0
139 13900000 0.0
140 14000000 11.0
141 14100000 1.0
142 14200000 4.0
143 14300000 7.0
144 14400000 6.0
145 14500000 2.0
146 14600000 11.0
147 14700000 8.0
148 14800000 13.0
149 14900000 2.0
150 15000000 12.0
151 15100000 0.0
152 15200000 5.0
153 15300000 17.0
154 15400000 9.0
155 15500000 7.0
156 15600000 5.0
157 15700000 13.0
158 15800000 6.0
159 15900000 0.0
160 16000000 9.0
161 16100000 0.0
162 16200000 0.0
163 16300000 0.0
164 16400000 10.0
165 16500000 3.0
166 16600000 10.0
167 16700000 9.0
168 16800000 5.0
169 16900000 5.0
170 17000000 2.0
171 17100000 25.0
172 17200000 35.0
173 17300000 9.0
174 17400000 6.0
175 17500000 0.0
176 17600000 3.0
177 17700000 4.0
178 17800000 2.0
179 17900000 5.0
180 18000000 5.0
181 18100000 14.0
182 18200000 8.0
183 18300000 6.0
184 18400000 8.0
185 18500000 10.0
186 18600000 11.0
187 18700000 5.0
188 18800000 6.0
189 18900000 6.0
190 19000000 6.0
191 19100000 4.0
192 19200000 6.0
193 19300000 16.0
194 19400000 8.0
195 19500000 20.0
196 19600000 9.0
197 19700000 13.0
198 19800000 8.0
199 19900000 4.0
200 20000000 5.0
201 20100000 6.0
202 20200000 7.0
203 20300000 2.0
204 20400000 5.0
205 20500000 15.0
206 20600000 6.0
207 20700000 9.0
208 20800000 10.0
209 20900000 8.0
210 21000000 10.0
211 21100000 19.0
212 21200000 6.0
213 21300000 4.0
214 21400000 4.0
215 21500000 8.0
216 21600000 10.0
217 21700000 4.0
218 21800000 18.0
219 21900000 22.0
220 22000000 1.0
221 22100000 13.0
222 22200000 20.0
223 22300000 19.0
224 22400000 2.0
225 22500000 4.0
226 22600000 12.0
227 22700000 21.0
228 22800000 4.0
229 22900000 3.0
230 23000000 3.0
231 23100000 8.0
232 23200000 0.0
233 23300000 3.0
234 23400000 9.0
235 23500000 1.0
236 23600000 14.0
237 23700000 11.0
238 23800000 13.0
239 23900000 3.0
240 24000000 28.0
241 24100000 10.0
242 24200000 8.0
243 24300000 3.0
244 24400000 17.0
245 24500000 18.0
246 24600000 7.0
247 24700000 5.0
248 24800000 6.0
249 24900000 20.0
250 25000000 9.0
251 25100000 12.0
252 25200000 7.0
253 25300000 12.0
254 25400000 6.0
255 25500000 11.0
256 25600000 4.0
257 25700000 3.0
258 25800000 0.0
259 25900000 6.0
260 26000000 11.0
261 26100000 12.0
262 26200000 4.0
263 26300000 8.0
264 26400000 5.0
265 26500000 10.0
266 26600000 17.0
267 26700000 6.0
268 26800000 28.0
269 26900000 19.0
270 27000000 12.0
271 27100000 9.0
272 27200000 11.0
273 27300000 9.0
274 27400000 7.0
275 27500000 3.0
276 27600000 2.0
277 27700000 9.0
278 27800000 7.0
279 27900000 7.0
280 28000000 9.0
281 28100000 3.0
282 28200000 3.0
283 28300000 7.0
284 28400000 7.0
285 28500000 22.0
286 28600000 14.0
287 28700000 24.0
288 28800000 16.0
289 28900000 17.0
290 29000000 14.0
291 29100000 5.0
292 29200000 12.0
293 29300000 8.0
294 29400000 7.0
295 29500000 13.0
296 29600000 6.0
297 29700000 11.0
298 29800000 16.0
299 29900000 15.0
300 30000000 9.0
301 30100000 11.0
302 30200000 5.0
303 30300000 4.0
304 30400000 4.0
305 30500000 10.0
306 30600000 9.0
307 30700000 6.0
308 30800000 11.0
309 30900000 4.0
310 31000000 6.0
311 31100000 4.0
312 31200000 7.0
313 31300000 7.0
314 31400000 16.0
315 31500000 8.0
316 31600000 8.0
317 31700000 10.0
318 31800000 6.0
319 31900000 21.0
320 32000000 18.0
321 32100000 9.0
322 32200000 10.0
323 32300000 16.0
324 32400000 15.0
325 32500000 8.0
326 32600000 6.0
327 32700000 2.0
328 32800000 2.0
329 32900000 3.0
330 33000000 8.0
331 33100000 6.0
332 33200000 20.0
333 33300000 7.0
334 33400000 8.0
335 33500000 6.0
336 33600000 5.0
337 33700000 16.0
338 33800000 16.0
339 33900000 8.0
340 34000000 6.0
341 34100000 6.0
342 34200000 17.0
343 34300000 11.0
344 34400000 17.0
345 34500000 3.0
346 34600000 7.0
347 34700000 10.0
348 34800000 6.0
349 34900000 8.0
350 35000000 8.0
351 35100000 9.0
352 35200000 15.0
353 35300000 18.0
354 35400000 11.0
355 35500000 1.0
356 35600000 43.0
357 35700000 15.0
358 35800000 10.0
359 35900000 17.0
360 36000000 13.0
361 36100000 11.0
362 36200000 4.0
363 36300000 11.0
364 36400000 11.0
365 36500000 3.0
366 36600000 7.0
367 36700000 2.0
368 36800000 6.0
369 36900000 2.0
370 37000000 4.0
371 37100000 6.0
372 37200000 9.0
373 37300000 9.0
374 37400000 8.0
375 37500000 7.0
376 37600000 5.0
377 37700000 8.0
378 37800000 19.0
379 37900000 23.0
380 38000000 14.0
381 38100000 16.0
382 38200000 4.0
383 38300000 26.0
384 38400000 5.0
385 38500000 8.0
386 38600000 8.0
387 38700000 4.0
388 38800000 13.0
389 38900000 12.0
390 39000000 8.0
391 39100000 23.0
392 39200000 19.0
393 39300000 3.0
394 39400000 15.0
395 39500000 4.0
396 39600000 7.0
397 39700000 15.0
398 39800000 6.0
399 39900000 3.0
400 40000000 21.0
401 40100000 7.0
402 40200000 8.0
403 40300000 4.0
404 40400000 4.0
405 40500000 8.0
406 40600000 17.0
407 40700000 17.0
408 40800000 10.0
409 40900000 31.0
410 41000000 14.0
411 41100000 8.0
412 41200000 6.0
413 41300000 10.0
414 41400000 9.0
415 41500000 12.0
416 41600000 12.0
417 41700000 26.0
418 41800000 7.0
419 41900000 6.0
420 42000000 11.0
421 42100000 5.0
422 42200000 22.0
423 42300000 14.0
424 42400000 12.0
425 42500000 5.0
426 42600000 8.0
427 42700000 4.0
428 42800000 26.0
429 42900000 12.0
430 43000000 7.0
431 43100000 8.0
432 43200000 4.0
433 43300000 2.0
434 43400000 5.0
435 43500000 6.0
436 43600000 7.0
437 43700000 7.0
438 43800000 26.0
439 43900000 5.0
440 44000000 7.0
441 44100000 35.0
442 44200000 14.0
443 44300000 9.0
444 44400000 25.0
445 44500000 6.0
446 44600000 4.0
447 44700000 5.0
448 44800000 14.0
449 44900000 5.0
450 45000000 24.0
451 45100000 7.0
452 45200000 4.0
453 45300000 8.0
454 45400000 2.0
455 45500000 13.0
456 45600000 11.0
457 45700000 8.0
458 45800000 8.0
459 45900000 15.0
460 46000000 3.0
461 46100000 14.0
462 46200000 13.0
463 46300000 5.0
464 46400000 10.0
465 46500000 3.0
466 46600000 5.0
467 46700000 8.0
468 46800000 8.0
469 46900000 8.0
470 47000000 9.0
471 47100000 9.0
472 47200000 2.0
473 47300000 9.0
474 47400000 10.0
475 47500000 6.0
476 47600000 9.0
477 47700000 5.0
478 47800000 4.0
479 47900000 0.0
480 48000000 5.0
481 48100000 5.0
482 48200000 4.0
483 48300000 7.0
484 48400000 11.0
485 48500000 8.0
486 48600000 7.0
487 48700000 9.0
488 48800000 14.0
489 48900000 6.0
490 49000000 6.0
491 49100000 9.0
492 49200000 12.0
493 49300000 2.0
494 49400000 15.0
495 49500000 13.0
496 49600000 18.0
497 49700000 5.0
498 49800000 10.0
499 49900000 10.0
